5.260642960000000130e+03 1.088772596905178247e+00 2.177545193810372613e-03
5.261646319999999832e+03 1.122372925005578503e+00 2.244745850011172373e-03
5.262640089999999873e+03 1.084768790236139813e+00 2.603445096566754831e-03
5.264607500000000073e+03 8.366372205026106901e-01 2.007929329206280169e-03
5.265608760000000075e+03 8.809214432937771955e-01 2.466580041222592515e-03
5.266601330000000416e+03 1.035946152222955163e+00 2.486270765335109583e-03
5.267614569999999730e+03 1.097835276259232495e+00 2.634804663022174195e-03
5.268597209999999905e+03 1.127553563041554074e+00 2.706128551299749694e-03
5.269566490000000158e+03 1.059100520963947689e+00 2.541841250313493436e-03
5.270553090000000338e+03 9.614731964534849462e-01 2.307535671488379105e-03
5.271575890000000072e+03 8.251581274972400459e-01 1.980379505993390844e-03
5.273564339999999902e+03 1.035946152222955163e+00 2.486270765335109583e-03
5.274595470000000205e+03 1.102902653654667997e+00 2.646966368771221188e-03
5.275578709999999774e+03 1.125478444462523431e+00 2.250956888925060868e-03
5.276574760000000424e+03 1.066933082780325392e+00 2.133866165560667060e-03
5.279562880000000405e+03 9.352703825860910758e-01 2.244648918206633252e-03
5.281538300000000163e+03 1.127553563041554074e+00 2.255107126083124528e-03
5.282557749999999942e+03 1.128592556652669776e+00 2.708622135966429027e-03
5.284561370000000352e+03 9.902325128594064996e-01 2.376558030862593266e-03
5.286544060000000172e+03 9.482812896463383989e-01 2.275875095151227295e-03
5.288557719999999790e+03 1.111059153478060502e+00 2.666541968347363369e-03
5.291551849999999831e+03 9.775459520323652729e-01 2.346110284877695427e-03
5.293543200000000070e+03 9.526583572042726100e-01 2.286380057290271234e-03
5.295499340000000302e+03 1.135892368290898791e+00 2.726141683898177306e-03
5.297525059999999939e+03 1.035946152222955163e+00 2.486270765335109583e-03
5.298570099999999911e+03 9.893208948903554623e-01 2.374370147736868959e-03
5.301530899999999747e+03 1.078790669737507146e+00 2.589097607370033013e-03
5.306527369999999792e+03 8.115909239610610282e-01 1.947818217506561622e-03
5.308535109999999804e+03 1.063009587824265578e+00 2.551223010778257659e-03
5.309555790000000343e+03 1.113107686262607476e+00 2.671458447030278932e-03
5.310555629999999837e+03 1.131715285351449163e+00 2.716116684843498507e-03
5.311522020000000339e+03 1.043607476256992905e+00 2.504657943016800475e-03
5.313504670000000260e+03 8.343286972434950099e-01 2.336120352281804546e-03
5.314519460000000436e+03 9.847753782729212757e-01 2.757371059164196760e-03
5.322466949999999997e+03 1.094806032271737450e+00 2.627534477452187107e-03
5.325481240000000071e+03 1.014231703001451823e+00 2.434156087203501618e-03
5.327483549999999923e+03 8.514069317291446115e-01 2.043376636149962094e-03
5.335474239999999554e+03 1.002160270557959532e+00 2.405184649339117946e-03
5.341495719999999892e+03 8.389521312678200893e-01 2.349065967549913026e-03
5.343498319999999694e+03 1.070871059085233279e+00 2.570090541804580068e-03
5.430916460000000370e+03 1.116187569517405276e+00 2.232375139034827038e-03
5.439926000000000386e+03 1.074823570188647492e+00 2.579576568452774527e-03
5.444896099999999933e+03 1.109014390756930535e+00 2.218028781513878712e-03
5.448914999999999964e+03 8.259184763185565270e-01 1.982204343164551026e-03
5.451828410000000076e+03 1.130673416925017660e+00 2.261346833850051089e-03
5.454907390000000305e+03 9.784467198823606493e-01 2.348272127717681255e-03
5.457771289999999681e+03 1.098846885707757348e+00 2.197693771415529674e-03
5.459883240000000114e+03 1.114133368600387586e+00 2.228266737200790010e-03
5.462881550000000061e+03 8.100972943366376855e-01 1.944233506407944297e-03
5.467852119999999559e+03 1.025503582004144931e+00 2.051007164008304857e-03
5.468841040000000248e+03 9.039349567850302192e-01 2.169443896284088680e-03
5.470815980000000309e+03 1.016101708651665270e+00 2.032203417303346613e-03
5.471863709999999628e+03 1.053263857343576637e+00 2.106527714687167051e-03
5.473798550000000432e+03 1.089775855472417287e+00 2.179551710944851659e-03
5.477800549999999930e+03 9.975557623678642516e-01 1.995111524735743071e-03
5.478808009999999740e+03 1.080779706997767153e+00 2.161559413995549610e-03
5.481747379999999794e+03 9.659111550866115170e-01 2.318186772207884300e-03
5.483780609999999797e+03 9.022713797412931225e-01 2.165451311379117030e-03
5.484792730000000120e+03 1.020791821040321068e+00 2.041583642080655597e-03
5.485819510000000264e+03 1.097835276259232495e+00 2.195670552518478279e-03
5.487741250000000036e+03 1.052294212087500513e+00 2.104588424175017711e-03
5.488743400000000292e+03 9.668012019561679216e-01 1.933602403912351025e-03
5.489835659999999734e+03 8.907117504694453958e-01 1.781423500938903500e-03
5.490744520000000193e+03 9.352703825860910758e-01 2.244648918206633252e-03
5.491857909999999720e+03 9.757469033366696909e-01 2.341792568008023954e-03
5.492779969999999594e+03 1.109014390756930535e+00 2.218028781513878712e-03
5.493802270000000135e+03 1.136939045763484701e+00 2.273878091526986955e-03
5.494847029999999904e+03 1.089775855472417287e+00 2.615462053133821817e-03
5.495804180000000088e+03 1.008642309769778755e+00 2.017284619539573120e-03
5.496802020000000084e+03 8.553368475675774407e-01 2.052808434162202000e-03
5.497832159999999931e+03 8.335606058885607350e-01 2.000545454132559523e-03
5.499739190000000235e+03 1.123407144874676966e+00 2.246814289749369652e-03
5.502809339999999793e+03 1.005859174887454355e+00 2.011718349774921279e-03
5.503764570000000276e+03 8.213668702823940793e-01 1.971280488677759016e-03
5.505734260000000177e+03 1.053263857343576637e+00 2.106527714687167051e-03
5.506751769999999851e+03 1.097835276259232495e+00 2.195670552518478279e-03
5.507769879999999830e+03 1.146402650970069548e+00 2.292805301940154493e-03
5.509678259999999682e+03 8.981258193157207748e-01 1.796251638631455672e-03
5.510734159999999974e+03 7.989823427695739166e-01 1.917557622646990896e-03
5.511710390000000189e+03 9.588202147516958762e-01 2.301168515404086300e-03
5.512753450000000157e+03 1.042646720762060664e+00 2.085293441524135177e-03
5.513723769999999604e+03 1.109014390756930535e+00 2.218028781513878712e-03
5.514756300000000010e+03 1.105954300370062260e+00 2.211908600740138033e-03
5.515673560000000180e+03 1.041686849748259647e+00 2.083373699496532654e-03
5.516759119999999712e+03 9.757469033366696909e-01 1.951493806673353223e-03
5.517672239999999874e+03 8.221237256182107878e-01 1.973096941483720116e-03
5.518768670000000384e+03 9.131396094309208733e-01 2.191535062634226028e-03
5.519695060000000012e+03 1.074823570188647492e+00 2.579576568452774527e-03
5.521711919999999736e+03 1.125478444462523431e+00 2.250956888925060868e-03
5.522737060000000383e+03 1.075813975309174442e+00 2.151627950618362813e-03
5.523701750000000175e+03 9.241387514150519733e-01 2.217933003396141932e-03
5.524710200000000441e+03 8.086064135471114911e-01 1.617212827094235798e-03
5.525743250000000444e+03 9.395873945257035009e-01 1.879174789051420939e-03
5.526695319999999811e+03 1.056178157331934653e+00 2.112356314663882319e-03
5.527776039999999739e+03 1.103918932480252968e+00 2.207837864960522298e-03
5.528717139999999745e+03 1.113107686262607476e+00 2.226215372525232588e-03
5.529697409999999763e+03 1.058125502416887187e+00 2.116251004833789168e-03
5.530704630000000179e+03 9.241387514150519733e-01 1.848277502830118204e-03
5.531787830000000213e+03 8.374081468296749042e-01 1.674816293659363081e-03
5.532695969999999761e+03 9.748486209648263845e-01 1.949697241929664905e-03
5.533719320000000153e+03 1.062030970551100406e+00 2.548874329322658571e-03
5.534750809999999547e+03 1.112082948178261921e+00 2.224165896356540377e-03
5.535727689999999711e+03 1.125478444462523431e+00 2.250956888925060868e-03
5.536730319999999665e+03 1.063989106852457178e+00 2.127978213704927440e-03
5.539740590000000338e+03 9.318310585198936735e-01 1.863662117039799598e-03
5.540824749999999767e+03 9.829630247399203657e-01 1.965926049479854460e-03
5.541690910000000258e+03 1.118245557899665954e+00 2.683789338959215957e-03
5.542750060000000303e+03 1.111059153478060502e+00 2.222118306956136213e-03
5.543780859999999848e+03 1.081775600450107566e+00 2.596261441080278520e-03
5.544768320000000131e+03 9.676920689668151443e-01 1.935384137933642218e-03
5.545757620000000315e+03 8.048912045499834189e-01 1.931738890919973547e-03
5.546707290000000285e+03 9.703695984060544122e-01 2.328887036174549004e-03
5.547767090000000280e+03 1.032136607305288445e+00 2.477127857532709747e-03
5.548728329999999914e+03 1.113107686262607476e+00 2.226215372525232588e-03
5.549694849999999860e+03 1.106973391160898545e+00 2.213946782321811989e-03
5.550747110000000248e+03 1.056178157331934653e+00 2.112356314663882319e-03
5.551704590000000280e+03 9.241387514150519733e-01 2.217933003396141932e-03
5.553750600000000304e+03 9.284043820797224233e-01 2.228170516991348840e-03
5.556698599999999715e+03 1.097835276259232495e+00 2.634804663022174195e-03
5.557679729999999836e+03 1.033087678168739254e+00 2.066175356337493756e-03
5.558680639999999585e+03 9.006108642990141577e-01 2.161466074317649599e-03
5.559723829999999907e+03 8.026702776999397049e-01 1.926408666479870538e-03
5.560662519999999859e+03 9.993950214903233320e-01 1.998790042980660119e-03
5.561696310000000267e+03 1.082772411576752969e+00 2.598653787784223086e-03
5.562715650000000096e+03 1.120307340730366530e+00 2.240614681460750390e-03
5.563649610000000393e+03 1.095814850398189044e+00 2.191629700796393198e-03
5.565681529999999839e+03 8.931762812951496988e-01 1.786352562590311308e-03
5.566708209999999781e+03 8.041502136456564198e-01 1.608300427291323859e-03
5.568728509999999915e+03 1.062030970551100406e+00 2.124061941102215693e-03
5.569723070000000007e+03 1.120307340730366530e+00 2.240614681460750390e-03
5.570762600000000020e+03 1.127553563041554074e+00 2.255107126083124528e-03
5.571694180000000415e+03 1.043607476256992905e+00 2.087214952514000396e-03
5.572810819999999694e+03 1.010502009888335051e+00 2.021004019776684486e-03
5.575715159999999742e+03 1.063989106852457178e+00 2.127978213704927440e-03
5.576689320000000407e+03 1.137986687705736966e+00 2.275973375411489367e-03
5.577691600000000108e+03 1.119275974572007781e+00 2.238551949144031248e-03
5.578697869999999966e+03 1.044569117048070650e+00 2.089138234096157322e-03
5.579748840000000200e+03 9.721587326112314242e-01 2.333180958266970785e-03
5.580692879999999604e+03 8.130873074885913709e-01 1.951409537972632890e-03
5.581694989999999962e+03 9.920582696254317545e-01 1.984116539250875902e-03
5.582701970000000074e+03 1.067916217145584712e+00 2.135832434291182712e-03
5.583709240000000136e+03 1.118245557899665954e+00 2.236491115799346847e-03
5.584694739999999911e+03 1.113107686262607476e+00 2.226215372525232588e-03
5.585694629999999961e+03 1.044569117048070650e+00 2.089138234096157322e-03
5.586658410000000003e+03 8.664373824546730551e-01 2.079449717891229676e-03
5.587640569999999570e+03 8.648428149158619016e-01 1.729685629831734630e-03
5.588744499999999789e+03 9.526583572042726100e-01 1.905316714408559434e-03
5.589650539999999637e+03 1.077797524242276372e+00 2.155595048484568958e-03
5.590629060000000209e+03 1.116187569517405276e+00 2.232375139034827038e-03
5.591687869999999748e+03 1.111059153478060502e+00 2.222118306956136213e-03
5.592670119999999770e+03 1.032136607305288445e+00 2.064273214610591167e-03
5.593653100000000450e+03 8.776819797367552134e-01 2.106436751368226477e-03
5.594669329999999718e+03 8.251581274972400459e-01 1.980379505993390844e-03
5.595647969999999987e+03 1.010502009888335051e+00 2.021004019776684486e-03
5.596711089999999786e+03 1.063989106852457178e+00 2.127978213704927440e-03
5.597628560000000107e+03 1.114133368600387586e+00 2.228266737200790010e-03
5.598694870000000265e+03 1.124442317734279273e+00 2.248884635468576670e-03
5.599658499999999549e+03 1.023616273404685639e+00 2.047232546809383755e-03
5.600691209999999955e+03 9.072713182667843101e-01 1.814542636533582071e-03
5.601670850000000428e+03 8.327932216462220483e-01 1.665586443292454977e-03
5.602669590000000426e+03 9.929724099712055052e-01 1.985944819942425058e-03
5.603676269999999931e+03 1.085768359462415011e+00 2.171536718924847124e-03
5.604676669999999831e+03 1.123407144874676966e+00 2.246814289749369652e-03
5.605679199999999582e+03 1.112082948178261921e+00 2.224165896356540377e-03
5.606691130000000157e+03 1.047459359359555586e+00 2.094918718719126615e-03
5.607702049999999872e+03 9.190458570921865578e-01 2.205710057021262761e-03
5.608692649999999958e+03 8.412734472128594598e-01 2.019056273310875210e-03
5.609719879999999648e+03 9.632459277776745932e-01 2.311790226666436254e-03
5.611650459999999839e+03 1.134846654400077481e+00 2.269693308800170475e-03
5.612702980000000025e+03 1.133801903203937256e+00 2.721124567689467161e-03
5.613666140000000269e+03 1.030237091468418242e+00 2.060474182936852371e-03
5.614658459999999650e+03 8.849875919277631064e-01 1.769975183855539104e-03
5.615651869999999690e+03 8.529767266470640319e-01 1.705953453294138623e-03
5.616667879999999968e+03 9.920582696254317545e-01 1.984116539250875902e-03
5.619649800000000141e+03 1.100872901931578829e+00 2.201745803863174554e-03
5.622647860000000037e+03 8.561250048215683917e-01 2.054700011571776973e-03
5.623610709999999926e+03 1.022673922011321901e+00 2.045347844022659799e-03
5.624551889999999730e+03 1.112082948178261921e+00 2.224165896356540377e-03
5.625643430000000080e+03 1.123407144874676966e+00 2.246814289749369652e-03
5.626604540000000270e+03 1.053263857343576637e+00 2.106527714687167051e-03
5.627569300000000112e+03 9.730545363630732636e-01 1.946109072726160934e-03
5.629609519999999975e+03 8.981258193157207748e-01 1.796251638631455672e-03
5.630620950000000448e+03 1.019852069866092448e+00 2.039704139732197424e-03
5.632569089999999960e+03 1.115159996061688918e+00 2.230319992123393560e-03
5.633618029999999635e+03 1.081775600450107566e+00 2.163551200900232317e-03
5.634578510000000279e+03 9.775459520323652729e-01 2.346110284877695427e-03
5.635582800000000134e+03 8.145864499967799821e-01 1.955007479992284126e-03
5.638587389999999687e+03 1.126515525938361018e+00 2.253031051876736805e-03
5.639597660000000360e+03 1.115159996061688918e+00 2.230319992123393560e-03
5.640536619999999857e+03 1.031186412007198294e+00 2.474847388817291369e-03
5.641564279999999599e+03 9.605880545991571928e-01 2.305411331037995025e-03
5.642512529999999970e+03 8.320265438655025658e-01 1.664053087731015568e-03
5.643510290000000168e+03 9.884101161659386570e-01 1.976820232331889630e-03
5.644513049999999566e+03 1.074823570188647492e+00 2.149647140377311961e-03
5.645511739999999918e+03 1.126515525938361018e+00 2.253031051876736805e-03
5.646524769999999990e+03 1.121339657249650124e+00 2.242679314499314205e-03
5.647526719999999841e+03 1.026448540811249810e+00 2.052897081622515746e-03
5.648527390000000196e+03 9.241387514150519733e-01 1.848277502830118204e-03
5.649542150000000220e+03 8.078620023841720510e-01 1.938868805722027350e-03
5.650522600000000239e+03 9.811540066125383763e-01 1.962308013225089274e-03
5.651528489999999692e+03 1.068900257428185840e+00 2.137800514856386287e-03
5.652523439999999937e+03 1.114133368600387586e+00 2.228266737200790010e-03
5.653553479999999581e+03 1.104936147764414400e+00 2.209872295528846498e-03
5.654562030000000050e+03 1.037856194230361018e+00 2.075712388460735323e-03
5.655553200000000288e+03 9.421871604949201284e-01 2.261249185187824175e-03
5.656562100000000100e+03 8.168403479779829945e-01 1.960416835147173620e-03
5.657522030000000086e+03 9.811540066125383763e-01 1.962308013225089274e-03
5.659521359999999731e+03 1.114133368600387586e+00 2.228266737200790010e-03
5.660566729999999552e+03 1.109014390756930535e+00 2.218028781513878712e-03
5.664500909999999749e+03 1.001237671775708327e+00 2.402970412261717752e-03
5.665516139999999723e+03 1.072845494438826597e+00 2.574829186653202276e-03
5.666512969999999768e+03 1.101887310425550437e+00 2.644529545021337153e-03
5.667495139999999992e+03 1.087770261947824224e+00 2.175540523895663943e-03
5.668501089999999749e+03 1.008642309769778755e+00 2.420741543447488091e-03
5.669494639999999890e+03 8.776819797367552134e-01 2.106436751368226477e-03
5.670546159999999873e+03 8.206107117151812957e-01 1.969465708116447094e-03
5.671496549999999843e+03 9.902325128594064996e-01 2.376558030862593266e-03
5.672491439999999784e+03 1.081775600450107566e+00 2.163551200900232317e-03
5.674499480000000403e+03 1.089775855472417287e+00 2.179551710944851659e-03
5.675492760000000089e+03 1.010502009888335051e+00 2.021004019776684486e-03
5.676548010000000431e+03 9.465360988307603973e-01 1.893072197661535127e-03
5.677489019999999982e+03 8.561250048215683917e-01 1.712250009643147622e-03
5.678523280000000341e+03 9.766460134382759506e-01 1.953292026876566213e-03
5.679490869999999632e+03 1.092791181348049312e+00 2.185582362696115045e-03
5.680539660000000367e+03 1.129632507653092199e+00 2.711118018367438855e-03
5.681503719999999703e+03 1.094806032271737450e+00 2.189612064543489112e-03
5.682503149999999550e+03 1.004008019314793998e+00 2.409619246355522350e-03
5.683508060000000114e+03 8.956476312878715040e-01 2.149554315090904891e-03
5.684513079999999718e+03 8.436011860603709334e-01 2.024642846544906331e-03
5.685484540000000379e+03 1.006786032192193980e+00 2.416286477261281405e-03
5.686485080000000380e+03 1.091785146841609100e+00 2.183570293683233677e-03
5.687487240000000384e+03 1.133801903203937256e+00 2.267603806407889229e-03
5.691478739999999561e+03 8.640466319585845545e-01 2.073711916700619277e-03
5.694495350000000144e+03 1.121339657249650124e+00 2.242679314499314205e-03
5.695479760000000169e+03 1.095814850398189044e+00 2.191629700796393198e-03
5.696488180000000284e+03 1.004933170856832536e+00 2.411839610056417098e-03
5.697478110000000015e+03 8.584938367853625074e-01 2.060385208284886381e-03
5.699487650000000031e+03 9.984749684240608048e-01 2.396339924217760851e-03
5.700479199999999764e+03 1.079784730374915069e+00 2.591483352899813433e-03
5.702476069999999709e+03 1.088772596905178247e+00 2.613054232572447049e-03
5.706475779999999759e+03 1.001237671775708327e+00 2.402970412261717752e-03
5.709462849999999889e+03 1.078790669737507146e+00 2.157581339475027511e-03
5.784936020000000099e+03 8.086064135471114911e-01 1.940655392513082915e-03
5.796903559999999743e+03 1.041686849748259647e+00 2.083373699496532654e-03
5.803887349999999969e+03 1.025503582004144931e+00 2.051007164008304857e-03
5.805851829999999609e+03 8.374081468296749042e-01 2.009779552391235784e-03
5.806902820000000247e+03 9.421871604949201284e-01 1.884374320989853479e-03
5.809864019999999982e+03 1.098846885707757348e+00 2.197693771415529674e-03
5.810867159999999785e+03 1.013297991137591003e+00 2.026595982275194302e-03
5.812860080000000380e+03 8.168403479779829945e-01 1.633680695955977945e-03
5.814909069999999701e+03 1.046495057782458771e+00 2.092990115564931624e-03
5.815888429999999971e+03 1.098846885707757348e+00 2.197693771415529674e-03
5.816862600000000384e+03 1.087770261947824224e+00 2.175540523895663943e-03
5.817864249999999629e+03 1.019852069866092448e+00 2.039704139732197424e-03
5.818892259999999624e+03 9.474082923935429612e-01 1.894816584787097774e-03
5.819846260000000257e+03 8.327932216462220483e-01 1.998703731950946146e-03
5.820913669999999911e+03 9.335491366861760065e-01 2.240517928046840360e-03
5.822833920000000035e+03 1.118245557899665954e+00 2.236491115799346847e-03
5.823908739999999852e+03 1.117216089839233151e+00 2.681318615614176198e-03
5.824830729999999676e+03 1.001237671775708327e+00 2.002475343551431315e-03
5.825818989999999758e+03 8.561250048215683917e-01 1.712250009643147622e-03
5.826867489999999634e+03 8.266795257696213373e-01 1.984030861847104442e-03
5.827861469999999827e+03 9.739511655607330232e-01 1.947902331121481633e-03
5.828887679999999818e+03 1.059100520963947689e+00 2.118201041927910908e-03
5.829861060000000180e+03 1.122372925005578503e+00 2.244745850011172373e-03
5.830852619999999661e+03 1.089775855472417287e+00 2.179551710944851659e-03
5.831844310000000405e+03 1.012365138858225544e+00 2.024730277716467203e-03
5.832833740000000034e+03 8.632511819753103666e-01 1.726502363950633070e-03
5.833818100000000413e+03 8.704366757014461164e-01 1.740873351402905892e-03
5.834819059999999808e+03 1.004933170856832536e+00 2.009866341713680699e-03
5.835878960000000006e+03 1.074823570188647492e+00 2.149647140377311961e-03
5.836785460000000057e+03 1.114133368600387586e+00 2.228266737200790010e-03
5.837864819999999781e+03 1.096824598108495863e+00 2.193649196217008126e-03
5.839846489999999903e+03 8.915325042220096918e-01 1.783065008444032493e-03
5.840829980000000432e+03 8.545494158990483147e-01 1.709098831798109381e-03
5.841827009999999973e+03 9.975557623678642516e-01 1.995111524735743071e-03
5.842844619999999850e+03 1.093798142873355195e+00 2.625115542896073063e-03
5.843860109999999622e+03 1.119275974572007781e+00 2.238551949144031248e-03
5.845875089999999545e+03 1.034992449819660987e+00 2.483981879567202615e-03
5.846835610000000088e+03 8.760667179502381607e-01 2.452986810260684818e-03
5.850800229999999829e+03 1.119275974572007781e+00 2.238551949144031248e-03
5.851808450000000448e+03 1.086768849750069155e+00 2.173537699500151937e-03
5.853863959999999679e+03 9.014407396723702615e-01 2.163457775213705435e-03
5.854767270000000281e+03 9.241387514150519733e-01 1.848277502830118204e-03
5.855836989999999787e+03 9.911449708464175057e-01 1.982289941692850794e-03
5.856808589999999640e+03 1.100872901931578829e+00 2.201745803863174554e-03
5.857793429999999717e+03 1.116187569517405276e+00 2.678850166841792533e-03
5.858842800000000352e+03 1.095814850398189044e+00 2.629955640955672011e-03
5.859811310000000049e+03 9.884101161659386570e-01 1.976820232331889630e-03
5.860796379999999772e+03 8.266795257696213373e-01 1.984030861847104442e-03
5.861805360000000292e+03 8.890725090510827044e-01 1.778145018102179550e-03
5.863808549999999741e+03 1.110036301293511940e+00 2.220072602587037577e-03
5.864715839999999844e+03 1.104936147764414400e+00 2.209872295528846498e-03
5.865785460000000057e+03 1.086768849750069155e+00 2.173537699500151937e-03
5.866809580000000096e+03 9.975557623678642516e-01 1.995111524735743071e-03
5.867748499999999694e+03 8.026702776999397049e-01 1.926408666479870538e-03
5.868850000000000364e+03 8.335606058885607350e-01 1.667121211777133081e-03
5.869815510000000359e+03 1.000315922347137843e+00 2.000631844694289885e-03
5.870755290000000059e+03 1.115159996061688918e+00 2.230319992123393560e-03
5.871741420000000289e+03 1.117216089839233151e+00 2.234432179678480165e-03
5.872750750000000153e+03 1.062030970551100406e+00 2.124061941102215693e-03
5.873746000000000095e+03 9.352703825860910758e-01 1.870540765172194449e-03
5.874779559999999947e+03 8.175930323121647358e-01 1.962223277549207928e-03
5.875715470000000096e+03 9.659111550866115170e-01 1.931822310173236844e-03
5.878816420000000107e+03 1.110036301293511940e+00 2.664087123104444919e-03
5.879700539999999819e+03 1.032136607305288445e+00 2.477127857532709747e-03
5.880752010000000155e+03 9.491550913297152059e-01 1.898310182659443618e-03
5.881738540000000285e+03 7.931168590846668920e-01 1.903480461803214088e-03
5.882769349999999577e+03 9.181997742714090860e-01 1.836399548542829710e-03
5.883773290000000088e+03 1.039769757907749836e+00 2.079539515815514474e-03
5.885704609999999775e+03 1.095814850398189044e+00 2.629955640955672011e-03
5.886740670000000136e+03 1.070871059085233279e+00 2.141742118170483246e-03
5.887813060000000405e+03 9.902325128594064996e-01 1.980465025718827939e-03
5.888801709999999730e+03 8.297307427922953060e-01 1.659461485584601487e-03
5.889843890000000101e+03 8.474950722138315795e-01 1.694990144427674416e-03
5.890777439999999842e+03 1.034039625404349350e+00 2.068079250808714954e-03
5.891736100000000079e+03 1.125478444462523431e+00 2.250956888925060868e-03
5.892753869999999552e+03 1.114133368600387586e+00 2.228266737200790010e-03
5.893771990000000187e+03 1.075813975309174442e+00 2.151627950618362813e-03
5.894795479999999770e+03 9.784467198823606493e-01 1.956893439764734090e-03
5.895812549999999646e+03 8.404989624515494251e-01 2.017197509883734280e-03
5.896795610000000124e+03 8.956476312878715040e-01 1.791295262575754148e-03
5.897742409999999836e+03 1.044569117048070650e+00 2.089138234096157322e-03
5.898724629999999706e+03 1.113107686262607476e+00 2.226215372525232588e-03
5.899783779999999751e+03 1.120307340730366530e+00 2.240614681460750390e-03
5.900733419999999569e+03 1.055205829142100926e+00 2.110411658284217472e-03
5.901782690000000002e+03 9.793483177523835126e-01 1.958696635504780965e-03
5.902733979999999974e+03 8.019313314031133455e-01 1.924635195367485705e-03
5.903789139999999861e+03 9.064360752043777447e-01 1.812872150408768434e-03
5.904763780000000224e+03 1.033087678168739254e+00 2.066175356337493756e-03
5.905737809999999627e+03 1.122372925005578503e+00 2.244745850011172373e-03
5.906749689999999646e+03 1.112082948178261921e+00 2.224165896356540377e-03
5.907727759999999762e+03 1.035946152222955163e+00 2.071892304445924725e-03
5.908753099999999904e+03 9.421871604949201284e-01 1.884374320989853479e-03
5.909797599999999875e+03 8.221237256182107878e-01 1.644247451236433575e-03
5.910710420000000340e+03 9.712637535452970372e-01 1.942527507090605933e-03
5.911742280000000392e+03 1.054234396087339043e+00 2.108468792174692658e-03
5.912762749999999869e+03 1.101887310425550437e+00 2.203774620851114367e-03
5.913734679999999571e+03 1.099859427312224636e+00 2.199718854624465193e-03
5.914757319999999709e+03 1.047459359359555586e+00 2.094918718719126615e-03
5.915714359999999942e+03 9.106199940282919680e-01 1.821239988056597365e-03
5.916770700000000033e+03 8.048912045499834189e-01 1.609782409099977992e-03
5.917731880000000274e+03 9.570556283880871096e-01 1.914111256776189311e-03
5.922748919999999998e+03 9.413197735584574177e-01 1.882639547116927471e-03
5.923725129999999808e+03 7.960441986231123757e-01 1.592088397246236089e-03
5.924706470000000081e+03 9.775459520323652729e-01 1.955091904064746190e-03
5.925720510000000104e+03 1.048424549500361236e+00 2.096849099000739052e-03
5.926732270000000426e+03 1.102902653654667997e+00 2.205805307309351062e-03
5.927731300000000374e+03 1.097835276259232495e+00 2.195670552518478279e-03
5.929705479999999625e+03 9.022713797412931225e-01 1.804542759482597597e-03
5.930850660000000062e+03 8.833588850934135372e-01 1.766717770186838031e-03
5.931672499999999673e+03 9.966374025419710847e-01 1.993274805083956273e-03
5.932669810000000325e+03 1.073834076844995877e+00 2.147668153690007915e-03
5.933719670000000406e+03 1.111059153478060502e+00 2.222118306956136213e-03
5.934715729999999894e+03 1.096824598108495863e+00 2.193649196217008126e-03
5.935666739999999663e+03 1.018913183836205105e+00 2.037826367672425452e-03
5.936661290000000008e+03 8.592849030733336058e-01 1.718569806146678577e-03
5.937690569999999752e+03 8.350974963625968917e-01 1.670194992725204186e-03
5.938691350000000057e+03 9.838687841966282654e-01 1.967737568393271904e-03
5.939735440000000381e+03 1.047459359359555586e+00 2.094918718719126615e-03
5.940771050000000287e+03 1.110036301293511940e+00 2.220072602587037577e-03
5.941771740000000136e+03 1.105954300370062260e+00 2.211908600740138033e-03
5.942796370000000024e+03 1.079784730374915069e+00 2.159569460749844599e-03
5.943753219999999601e+03 9.413197735584574177e-01 1.882639547116927471e-03
5.944746100000000297e+03 8.011930653876502273e-01 1.602386130775311068e-03
5.945726819999999861e+03 9.614731964534849462e-01 1.922946392906982587e-03
5.946666659999999865e+03 1.087770261947824224e+00 2.175540523895663943e-03
5.946782629999999699e+03 1.031186412007198294e+00 2.062372824014409474e-03
5.947733199999999670e+03 1.115159996061688918e+00 2.230319992123393560e-03
5.948722050000000309e+03 1.103918932480252968e+00 2.207837864960522298e-03
5.949738220000000183e+03 1.058125502416887187e+00 2.116251004833789168e-03
5.950659190000000308e+03 8.514069317291446115e-01 1.702813863458301890e-03
5.951684570000000349e+03 8.320265438655025658e-01 1.664053087731015568e-03
5.952709160000000338e+03 9.811540066125383763e-01 1.962308013225089274e-03
5.953707089999999880e+03 1.069885204462889927e+00 2.139770408925795609e-03
5.954704639999999927e+03 1.118245557899665954e+00 2.236491115799346847e-03
5.955727310000000216e+03 1.113107686262607476e+00 2.226215372525232588e-03
5.956727299999999559e+03 1.050357598748957955e+00 2.100715197497930731e-03
5.958744539999999688e+03 8.063752353645030624e-01 1.612750470729016347e-03
5.959716480000000047e+03 9.659111550866115170e-01 1.931822310173236844e-03
5.960718539999999848e+03 1.051325459496560422e+00 2.102650918993136542e-03
5.961650279999999839e+03 1.113107686262607476e+00 2.226215372525232588e-03
5.962651179999999840e+03 1.082772411576752969e+00 2.598653787784223086e-03
5.963617909999999938e+03 9.938873926592042274e-01 1.987774785318423450e-03
5.964629869999999755e+03 8.312605718960254242e-01 1.995025372550475809e-03
5.965628770000000259e+03 8.907117504694453958e-01 1.781423500938903500e-03
5.967650959999999941e+03 1.098846885707757348e+00 2.637232525698635435e-03
5.968651050000000396e+03 1.109014390756930535e+00 2.218028781513878712e-03
5.969627069999999549e+03 1.051325459496560422e+00 2.102650918993136542e-03
5.970604559999999765e+03 9.856828077378680941e-01 1.971365615475749022e-03
5.971697439999999915e+03 8.939993060101464328e-01 1.787998612020305373e-03
5.972683810000000449e+03 8.381797835332168711e-01 1.676359567066444244e-03
5.973666890000000421e+03 1.009571731617309398e+00 2.019143463234630929e-03
5.974621909999999843e+03 1.094806032271737450e+00 2.189612064543489112e-03
5.976656070000000000e+03 1.090780038500609672e+00 2.181560077001233004e-03
5.977689639999999599e+03 1.069885204462889927e+00 2.139770408925795609e-03
5.978666049999999814e+03 8.529767266470640319e-01 1.705953453294138623e-03
5.979616219999999885e+03 9.173544703629503694e-01 1.834708940725915133e-03
5.980646380000000136e+03 1.016101708651665270e+00 2.032203417303346613e-03
5.981655349999999999e+03 1.085768359462415011e+00 2.171536718924847124e-03
5.982661310000000412e+03 1.128592556652669776e+00 2.257185113305357378e-03
5.983704399999999623e+03 1.101887310425550437e+00 2.203774620851114367e-03
5.984643399999999929e+03 1.012365138858225544e+00 2.024730277716467203e-03
5.985675280000000384e+03 8.672357683888858304e-01 1.734471536777785214e-03
5.986605059999999867e+03 9.207403623423018324e-01 1.841480724684618027e-03
5.987680860000000393e+03 1.003083719476532520e+00 2.006167438953078419e-03
5.988646980000000440e+03 1.100872901931578829e+00 2.201745803863174554e-03
5.989610929999999826e+03 1.117216089839233151e+00 2.234432179678480165e-03
5.990604449999999815e+03 1.062030970551100406e+00 2.124061941102215693e-03
5.991679470000000038e+03 1.031186412007198294e+00 2.062372824014409474e-03
5.992639760000000024e+03 8.412734472128594598e-01 2.019056273310875210e-03
5.993596590000000106e+03 9.301161422574355520e-01 1.860232284514885034e-03
5.994596069999999600e+03 1.046495057782458771e+00 2.092990115564931624e-03
5.995642969999999877e+03 1.099859427312224636e+00 2.199718854624465193e-03
5.996613080000000082e+03 1.123407144874676966e+00 2.246814289749369652e-03
5.997615240000000085e+03 1.068900257428185840e+00 2.137800514856386287e-03
5.998613580000000184e+03 9.975557623678642516e-01 1.995111524735743071e-03
5.998676989999999932e+03 1.034992449819660987e+00 2.069984899639335657e-03
5.999654290000000401e+03 8.553368475675774407e-01 1.710673695135168405e-03
6.000629689999999755e+03 8.866193017159468281e-01 1.773238603431904819e-03
6.002593350000000100e+03 1.111059153478060502e+00 2.222118306956136213e-03
6.003559540000000197e+03 1.119275974572007781e+00 2.238551949144031248e-03
6.004619910000000345e+03 1.069885204462889927e+00 2.139770408925795609e-03
6.005602939999999762e+03 9.847753782729212757e-01 1.969550756545854642e-03
6.006586900000000242e+03 8.243984786606637361e-01 1.648796957321339070e-03
6.007585219999999936e+03 9.404531851470943060e-01 1.880906370294203401e-03
6.008619709999999941e+03 1.034039625404349350e+00 2.068079250808714954e-03
6.009560790000000452e+03 1.125478444462523431e+00 2.250956888925060868e-03
6.010616359999999986e+03 1.133801903203937256e+00 2.267603806407889229e-03
6.011575149999999667e+03 1.048424549500361236e+00 2.096849099000739052e-03
6.012610840000000280e+03 9.865910733612446304e-01 1.973182146722503045e-03
6.013555959999999686e+03 8.168403479779829945e-01 1.633680695955977945e-03
6.014574880000000121e+03 9.465360988307603973e-01 1.893072197661535127e-03
6.015570260000000417e+03 1.058125502416887187e+00 2.116251004833789168e-03
6.016611240000000180e+03 1.097835276259232495e+00 2.195670552518478279e-03
6.017574609999999666e+03 1.098846885707757348e+00 2.197693771415529674e-03
6.018529480000000149e+03 1.014231703001451823e+00 2.028463406002918232e-03
6.019578510000000279e+03 9.561745533911663042e-01 1.912349106782347107e-03
6.020600029999999606e+03 8.078620023841720510e-01 1.615724004768356089e-03
6.021587770000000091e+03 9.361321952609170660e-01 1.872264390521848152e-03
6.022599680000000262e+03 1.042646720762060664e+00 2.085293441524135177e-03
6.023573320000000422e+03 1.114133368600387586e+00 2.228266737200790010e-03
6.024596150000000307e+03 1.114133368600387586e+00 2.228266737200790010e-03
6.025596169999999802e+03 1.059100520963947689e+00 2.118201041927910908e-03
6.026542430000000422e+03 9.039349567850302192e-01 2.169443896284088680e-03
6.028579190000000381e+03 9.318310585198936735e-01 2.236394540447759517e-03
6.029596770000000106e+03 1.052294212087500513e+00 2.525506109010021340e-03
6.032517060000000129e+03 1.014231703001451823e+00 2.028463406002918232e-03
6.033504630000000361e+03 8.592849030733336058e-01 2.062283767376014553e-03
6.034510199999999713e+03 8.537627091479982333e-01 1.707525418296007959e-03
6.035535630000000310e+03 9.784467198823606493e-01 1.956893439764734090e-03
6.036512469999999666e+03 1.097835276259232495e+00 2.195670552518478279e-03
6.037512090000000171e+03 1.132758113816210166e+00 2.718619473158925479e-03
6.038503819999999905e+03 1.104936147764414400e+00 2.651846754634615451e-03
6.039510519999999815e+03 1.004933170856832536e+00 2.009866341713680699e-03
6.040512819999999920e+03 8.712387468176909788e-01 1.742477493635392633e-03
6.042510440000000017e+03 9.838687841966282654e-01 2.361285082071926372e-03
6.047487420000000384e+03 8.366372205026106901e-01 2.007929329206280169e-03
6.048486179999999877e+03 8.608692231247923043e-01 2.066086135499516953e-03
6.049509449999999561e+03 9.957198881673313684e-01 1.991439776334676028e-03
6.050485029999999824e+03 1.098846885707757348e+00 2.197693771415529674e-03
6.052500750000000153e+03 1.090780038500609672e+00 2.181560077001233004e-03
6.053497760000000198e+03 9.984749684240608048e-01 1.996949936848133825e-03
6.055506349999999657e+03 8.608692231247923043e-01 2.066086135499516953e-03
6.056493330000000242e+03 9.993950214903233320e-01 1.998790042980660119e-03
6.057503509999999551e+03 1.084768790236139813e+00 2.169537580472295692e-03
6.058496890000000349e+03 1.131715285351449163e+00 2.263430570702915350e-03
6.059490539999999783e+03 1.088772596905178247e+00 2.177545193810372613e-03
6.060493809999999939e+03 1.000315922347137843e+00 2.000631844694289885e-03
6.061486979999999676e+03 8.358670038980429151e-01 2.006080809355316637e-03
6.062478430000000117e+03 8.890725090510827044e-01 2.133774021722615634e-03
6.064480239999999867e+03 1.105954300370062260e+00 2.211908600740138033e-03
6.070481609999999819e+03 1.017038004024354292e+00 2.440891209658466524e-03
6.079463620000000446e+03 1.128592556652669776e+00 2.257185113305357378e-03
6.123927520000000186e+03 1.127553563041554074e+00 2.255107126083124528e-03
6.137925470000000132e+03 1.116187569517405276e+00 2.232375139034827038e-03
6.164912790000000314e+03 1.039769757907749836e+00 2.079539515815514474e-03
6.165925900000000183e+03 1.104936147764414400e+00 2.209872295528846498e-03
6.171891099999999824e+03 1.056178157331934653e+00 2.112356314663882319e-03
6.174917470000000321e+03 1.037856194230361018e+00 2.490854866152882301e-03
6.179917110000000321e+03 1.121339657249650124e+00 2.691215177399176785e-03
6.180869670000000042e+03 1.099859427312224636e+00 2.639662625549358058e-03
6.181883859999999913e+03 1.027394370358509113e+00 2.054788740717030781e-03
6.182888409999999567e+03 9.106199940282919680e-01 1.821239988056597365e-03
6.183890099999999620e+03 8.108437652279428809e-01 1.621687530455897868e-03
6.185866380000000390e+03 1.076805293046737333e+00 2.153610586093489525e-03
6.186867879999999786e+03 1.124442317734279273e+00 2.248884635468576670e-03
6.191893490000000384e+03 9.597037276152873275e-01 1.919407455230589046e-03
6.193901499999999942e+03 1.118245557899665954e+00 2.236491115799346847e-03
6.196883179999999811e+03 9.039349567850302192e-01 1.807869913570073900e-03
6.199832190000000082e+03 1.104936147764414400e+00 2.209872295528846498e-03
6.202839630000000398e+03 9.865910733612446304e-01 2.367818576067003827e-03
6.204874780000000101e+03 8.153370574579147378e-01 1.630674114915840224e-03
6.207887620000000425e+03 1.113107686262607476e+00 2.226215372525232588e-03
6.210886319999999614e+03 9.056016010750984613e-01 2.173443842580249658e-03
6.212839149999999790e+03 9.957198881673313684e-01 1.991439776334676028e-03
6.216836949999999888e+03 9.966374025419710847e-01 1.993274805083956273e-03
6.219821920000000318e+03 9.975557623678642516e-01 1.995111524735743071e-03
6.221835240000000340e+03 1.139035295006370685e+00 2.278070590012757496e-03
6.222836159999999836e+03 1.092791181348049312e+00 2.185582362696115045e-03
6.223793260000000373e+03 9.748486209648263845e-01 1.949697241929664905e-03
6.224858820000000378e+03 8.907117504694453958e-01 1.781423500938903500e-03
6.225740829999999733e+03 9.623591539291365127e-01 1.924718307858286348e-03
6.226753219999999601e+03 1.065950853498409234e+00 2.131901706996834622e-03
6.229795780000000377e+03 1.072845494438826597e+00 2.145690988877668563e-03
6.230739639999999781e+03 9.198927195430196546e-01 2.207742526903263593e-03
6.231764460000000327e+03 8.034099049049774344e-01 1.606819809809965178e-03
6.232830469999999877e+03 8.784907270986792582e-01 1.756981454197370810e-03
6.233839649999999892e+03 9.948032184656128152e-01 1.989606436931241288e-03
6.234840839999999844e+03 1.086768849750069155e+00 2.173537699500151937e-03
6.235788220000000365e+03 1.117216089839233151e+00 2.234432179678480165e-03
6.236805830000000242e+03 1.057151381481666208e+00 2.114302762963346342e-03
6.238839560000000347e+03 8.569138883296194553e-01 1.713827776659251033e-03
6.239813619999999901e+03 8.833588850934135372e-01 1.766717770186838031e-03
6.240856859999999870e+03 9.784467198823606493e-01 1.956893439764734090e-03
6.241810499999999593e+03 1.104936147764414400e+00 2.209872295528846498e-03
6.242853430000000117e+03 1.113107686262607476e+00 2.226215372525232588e-03
6.243822229999999763e+03 1.070871059085233279e+00 2.141742118170483246e-03
6.244762569999999869e+03 9.413197735584574177e-01 1.882639547116927471e-03
6.245779099999999744e+03 8.093515106539100890e-01 1.618703021307830265e-03
6.248795820000000276e+03 1.106973391160898545e+00 2.213946782321811989e-03
6.251786430000000109e+03 9.517813303792431734e-01 1.903562660758498833e-03
6.254796360000000277e+03 1.028341071448273025e+00 2.056682142896559817e-03
6.257825300000000425e+03 1.075813975309174442e+00 2.151627950618362813e-03
6.262748499999999694e+03 1.118245557899665954e+00 2.236491115799346847e-03
6.265821340000000419e+03 9.811540066125383763e-01 1.962308013225089274e-03
6.270836519999999837e+03 1.114133368600387586e+00 2.228266737200790010e-03
6.270842450000000099e+03 1.124442317734279273e+00 2.248884635468576670e-03
6.274828190000000177e+03 8.890725090510827044e-01 1.778145018102179550e-03
6.278775639999999839e+03 1.053263857343576637e+00 2.106527714687167051e-03
6.282798120000000381e+03 1.033087678168739254e+00 2.066175356337493756e-03
6.286731370000000425e+03 9.148232249440406694e-01 1.829646449888092802e-03
6.289800690000000031e+03 1.021732438156087275e+00 2.043464876312188656e-03
6.294822619999999915e+03 8.304953050880163890e-01 1.660990610176044449e-03
6.299779180000000451e+03 1.066933082780325392e+00 2.133866165560667060e-03
6.306719329999999900e+03 1.023616273404685639e+00 2.047232546809383755e-03
6.312710380000000441e+03 1.096824598108495863e+00 2.193649196217008126e-03
6.317705619999999726e+03 1.074823570188647492e+00 2.149647140377311961e-03
6.323678530000000137e+03 9.856828077378680941e-01 1.971365615475749022e-03
6.329637349999999969e+03 9.047678951710617090e-01 2.171442948410564917e-03
6.333628440000000410e+03 1.069885204462889927e+00 2.139770408925795609e-03
6.340640360000000328e+03 1.056178157331934653e+00 2.112356314663882319e-03
6.343584130000000187e+03 9.552942895207121587e-01 1.910588579041437585e-03
6.347610450000000128e+03 1.062030970551100406e+00 2.124061941102215693e-03
6.353627209999999650e+03 1.119275974572007781e+00 2.238551949144031248e-03
6.354591610000000401e+03 1.037856194230361018e+00 2.075712388460735323e-03
6.355580680000000029e+03 9.198927195430196546e-01 1.839785439086052922e-03
6.356627809999999954e+03 8.168403479779829945e-01 1.633680695955977945e-03
6.356665310000000318e+03 8.474950722138315795e-01 1.694990144427674416e-03
6.357643149999999878e+03 8.849875919277631064e-01 1.769975183855539104e-03
6.358540619999999763e+03 1.054234396087339043e+00 2.108468792174692658e-03
6.360592200000000048e+03 1.100872901931578829e+00 2.201745803863174554e-03
6.361602509999999711e+03 1.027394370358509113e+00 2.054788740717030781e-03
6.362575960000000123e+03 9.258426467691557304e-01 1.851685293538324339e-03
6.363545310000000427e+03 8.304953050880163890e-01 1.660990610176044449e-03
6.363580060000000231e+03 8.063752353645030624e-01 1.612750470729016347e-03
6.371568100000000413e+03 9.597037276152873275e-01 1.919407455230589046e-03
6.378551150000000234e+03 9.650219276031192228e-01 1.930043855206251295e-03
6.387543380000000070e+03 1.103918932480252968e+00 2.207837864960522298e-03
6.396549049999999625e+03 1.013297991137591003e+00 2.026595982275194302e-03
6.404534209999999803e+03 8.632511819753103666e-01 1.726502363950633070e-03
6.416510220000000118e+03 1.085768359462415011e+00 2.171536718924847124e-03
6.509928799999999683e+03 1.091785146841609100e+00 2.183570293683233677e-03
6.520902000000000044e+03 9.659111550866115170e-01 1.931822310173236844e-03
6.531913169999999809e+03 1.025503582004144931e+00 2.051007164008304857e-03
6.547879829999999856e+03 8.412734472128594598e-01 1.682546894425729486e-03
6.561846700000000055e+03 8.704366757014461164e-01 1.740873351402905892e-03
6.571853470000000016e+03 1.120307340730366530e+00 2.240614681460750390e-03
6.577894100000000435e+03 1.089775855472417287e+00 2.615462053133821817e-03
6.578873120000000199e+03 1.129632507653092199e+00 2.259265015306198901e-03
6.583800239999999576e+03 1.034039625404349350e+00 2.068079250808714954e-03
6.608840549999999894e+03 9.838687841966282654e-01 1.967737568393271904e-03
6.612776820000000043e+03 1.100872901931578829e+00 2.201745803863174554e-03
6.616738680000000386e+03 8.115909239610610282e-01 1.623181847922134649e-03
6.622792639999999665e+03 9.579375152588938125e-01 1.915875030517799702e-03
6.628820310000000063e+03 1.065950853498409234e+00 2.131901706996834622e-03
6.638746100000000297e+03 9.766460134382759506e-01 1.953292026876566213e-03
6.645743650000000343e+03 9.811540066125383763e-01 1.962308013225089274e-03
6.649750600000000304e+03 1.030237091468418242e+00 2.060474182936852371e-03
6.654770730000000185e+03 1.109014390756930535e+00 2.218028781513878712e-03
6.658793859999999768e+03 7.880198940551944586e-01 1.576039788110400290e-03
6.662779150000000300e+03 1.127553563041554074e+00 2.255107126083124528e-03
6.667842450000000099e+03 1.002160270557959532e+00 2.004320541115931550e-03
6.672784109999999600e+03 7.822348878234660630e-01 1.564469775646943348e-03
6.680778390000000400e+03 9.395873945257035009e-01 1.879174789051420939e-03
6.690671059999999670e+03 1.080779706997767153e+00 2.161559413995549610e-03
6.697719659999999749e+03 1.078790669737507146e+00 2.157581339475027511e-03
6.705684989999999743e+03 1.001237671775708327e+00 2.002475343551431315e-03
6.712652229999999690e+03 9.920582696254317545e-01 1.984116539250875902e-03
