#HJD-2450000 Imag ERR_Imag
5260.64296 15.039 0.005
5261.64632 15.006 0.005
5262.64009 15.043 0.006
5264.60750 15.325 0.006
5265.60876 15.269 0.007
5266.60133 15.093 0.006
5267.61457 15.030 0.006
5268.59721 15.001 0.006
5269.56649 15.069 0.006
5270.55309 15.174 0.006
5271.57589 15.340 0.006
5273.56434 15.093 0.006
5274.59547 15.025 0.006
5275.57871 15.003 0.005
5276.57476 15.061 0.005
5279.56288 15.204 0.006
5281.53830 15.001 0.005
5282.55775 15.000 0.006
5284.56137 15.142 0.006
5286.54406 15.189 0.006
5288.55772 15.017 0.006
5291.55185 15.156 0.006
5293.54320 15.184 0.006
5295.49934 14.993 0.006
5297.52506 15.093 0.006
5298.57010 15.143 0.006
5301.53090 15.049 0.006
5306.52737 15.358 0.006
5308.53511 15.065 0.006
5309.55579 15.015 0.006
5310.55563 14.997 0.006
5311.52202 15.085 0.006
5313.50467 15.328 0.007
5314.51946 15.148 0.007
5322.46695 15.033 0.006
5325.48124 15.116 0.006
5327.48355 15.306 0.006
5335.47424 15.129 0.006
5341.49572 15.322 0.007
5343.49832 15.057 0.006
5430.91646 15.012 0.005
5439.92600 15.053 0.006
5444.89610 15.019 0.005
5448.91500 15.339 0.006
5451.82841 14.998 0.005
5454.90739 15.155 0.006
5457.77129 15.029 0.005
5459.88324 15.014 0.005
5462.88155 15.360 0.006
5467.85212 15.104 0.005
5468.84104 15.241 0.006
5470.81598 15.114 0.005
5471.86371 15.075 0.005
5473.79855 15.038 0.005
5477.80055 15.134 0.005
5478.80801 15.047 0.005
5481.74738 15.169 0.006
5483.78061 15.243 0.006
5484.79273 15.109 0.005
5485.81951 15.030 0.005
5487.74125 15.076 0.005
5488.74340 15.168 0.005
5489.83566 15.257 0.005
5490.74452 15.204 0.006
5491.85791 15.158 0.006
5492.77997 15.019 0.005
5493.80227 14.992 0.005
5494.84703 15.038 0.006
5495.80418 15.122 0.005
5496.80202 15.301 0.006
5497.83216 15.329 0.006
5499.73919 15.005 0.005
5502.80934 15.125 0.005
5503.76457 15.345 0.006
5505.73426 15.075 0.005
5506.75177 15.030 0.005
5507.76988 14.983 0.005
5509.67826 15.248 0.005
5510.73416 15.375 0.006
5511.71039 15.177 0.006
5512.75345 15.086 0.005
5513.72377 15.019 0.005
5514.75630 15.022 0.005
5515.67356 15.087 0.005
5516.75912 15.158 0.005
5517.67224 15.344 0.006
5518.76867 15.230 0.006
5519.69506 15.053 0.006
5521.71192 15.003 0.005
5522.73706 15.052 0.005
5523.70175 15.217 0.006
5524.71020 15.362 0.005
5525.74325 15.199 0.005
5526.69532 15.072 0.005
5527.77604 15.024 0.005
5528.71714 15.015 0.005
5529.69741 15.070 0.005
5530.70463 15.217 0.005
5531.78783 15.324 0.005
5532.69597 15.159 0.005
5533.71932 15.066 0.006
5534.75081 15.016 0.005
5535.72769 15.003 0.005
5536.73032 15.064 0.005
5539.74059 15.208 0.005
5540.82475 15.150 0.005
5541.69091 15.010 0.006
5542.75006 15.017 0.005
5543.78086 15.046 0.006
5544.76832 15.167 0.005
5545.75762 15.367 0.006
5546.70729 15.164 0.006
5547.76709 15.097 0.006
5548.72833 15.015 0.005
5549.69485 15.021 0.005
5550.74711 15.072 0.005
5551.70459 15.217 0.006
5553.75060 15.212 0.006
5556.69860 15.030 0.006
5557.67973 15.096 0.005
5558.68064 15.245 0.006
5559.72383 15.370 0.006
5560.66252 15.132 0.005
5561.69631 15.045 0.006
5562.71565 15.008 0.005
5563.64961 15.032 0.005
5565.68153 15.254 0.005
5566.70821 15.368 0.005
5568.72851 15.066 0.005
5569.72307 15.008 0.005
5570.76260 15.001 0.005
5571.69418 15.085 0.005
5572.81082 15.120 0.005
5575.71516 15.064 0.005
5576.68932 14.991 0.005
5577.69160 15.009 0.005
5578.69787 15.084 0.005
5579.74884 15.162 0.006
5580.69288 15.356 0.006
5581.69499 15.140 0.005
5582.70197 15.060 0.005
5583.70924 15.010 0.005
5584.69474 15.015 0.005
5585.69463 15.084 0.005
5586.65841 15.287 0.006
5587.64057 15.289 0.005
5588.74450 15.184 0.005
5589.65054 15.050 0.005
5590.62906 15.012 0.005
5591.68787 15.017 0.005
5592.67012 15.097 0.005
5593.65310 15.273 0.006
5594.66933 15.340 0.006
5595.64797 15.120 0.005
5596.71109 15.064 0.005
5597.62856 15.014 0.005
5598.69487 15.004 0.005
5599.65850 15.106 0.005
5600.69121 15.237 0.005
5601.67085 15.330 0.005
5602.66959 15.139 0.005
5603.67627 15.042 0.005
5604.67667 15.005 0.005
5605.67920 15.016 0.005
5606.69113 15.081 0.005
5607.70205 15.223 0.006
5608.69265 15.319 0.006
5609.71988 15.172 0.006
5611.65046 14.994 0.005
5612.70298 14.995 0.006
5613.66614 15.099 0.005
5614.65846 15.264 0.005
5615.65187 15.304 0.005
5616.66788 15.140 0.005
5619.64980 15.027 0.005
5622.64786 15.300 0.006
5623.61071 15.107 0.005
5624.55189 15.016 0.005
5625.64343 15.005 0.005
5626.60454 15.075 0.005
5627.56930 15.161 0.005
5629.60952 15.248 0.005
5630.62095 15.110 0.005
5632.56909 15.013 0.005
5633.61803 15.046 0.005
5634.57851 15.156 0.006
5635.58280 15.354 0.006
5638.58739 15.002 0.005
5639.59766 15.013 0.005
5640.53662 15.098 0.006
5641.56428 15.175 0.006
5642.51253 15.331 0.005
5643.51029 15.144 0.005
5644.51305 15.053 0.005
5645.51174 15.002 0.005
5646.52477 15.007 0.005
5647.52672 15.103 0.005
5648.52739 15.217 0.005
5649.54215 15.363 0.006
5650.52260 15.152 0.005
5651.52849 15.059 0.005
5652.52344 15.014 0.005
5653.55348 15.023 0.005
5654.56203 15.091 0.005
5655.55320 15.196 0.006
5656.56210 15.351 0.006
5657.52203 15.152 0.005
5659.52136 15.014 0.005
5660.56673 15.019 0.005
5664.50091 15.130 0.006
5665.51614 15.055 0.006
5666.51297 15.026 0.006
5667.49514 15.040 0.005
5668.50109 15.122 0.006
5669.49464 15.273 0.006
5670.54616 15.346 0.006
5671.49655 15.142 0.006
5672.49144 15.046 0.005
5674.49948 15.038 0.005
5675.49276 15.120 0.005
5676.54801 15.191 0.005
5677.48902 15.300 0.005
5678.52328 15.157 0.005
5679.49087 15.035 0.005
5680.53966 14.999 0.006
5681.50372 15.033 0.005
5682.50315 15.127 0.006
5683.50806 15.251 0.006
5684.51308 15.316 0.006
5685.48454 15.124 0.006
5686.48508 15.036 0.005
5687.48724 14.995 0.005
5691.47874 15.290 0.006
5694.49535 15.007 0.005
5695.47976 15.032 0.005
5696.48818 15.126 0.006
5697.47811 15.297 0.006
5699.48765 15.133 0.006
5700.47920 15.048 0.006
5702.47607 15.039 0.006
5706.47578 15.130 0.006
5709.46285 15.049 0.005
5784.93602 15.362 0.006
5796.90356 15.087 0.005
5803.88735 15.104 0.005
5805.85183 15.324 0.006
5806.90282 15.196 0.005
5809.86402 15.029 0.005
5810.86716 15.117 0.005
5812.86008 15.351 0.005
5814.90907 15.082 0.005
5815.88843 15.029 0.005
5816.86260 15.040 0.005
5817.86425 15.110 0.005
5818.89226 15.190 0.005
5819.84626 15.330 0.006
5820.91367 15.206 0.006
5822.83392 15.010 0.005
5823.90874 15.011 0.006
5824.83073 15.130 0.005
5825.81899 15.300 0.005
5826.86749 15.338 0.006
5827.86147 15.160 0.005
5828.88768 15.069 0.005
5829.86106 15.006 0.005
5830.85262 15.038 0.005
5831.84431 15.118 0.005
5832.83374 15.291 0.005
5833.81810 15.282 0.005
5834.81906 15.126 0.005
5835.87896 15.053 0.005
5836.78546 15.014 0.005
5837.86482 15.031 0.005
5839.84649 15.256 0.005
5840.82998 15.302 0.005
5841.82701 15.134 0.005
5842.84462 15.034 0.006
5843.86011 15.009 0.005
5845.87509 15.094 0.006
5846.83561 15.275 0.007
5850.80023 15.009 0.005
5851.80845 15.041 0.005
5853.86396 15.244 0.006
5854.76727 15.217 0.005
5855.83699 15.141 0.005
5856.80859 15.027 0.005
5857.79343 15.012 0.006
5858.84280 15.032 0.006
5859.81131 15.144 0.005
5860.79638 15.338 0.006
5861.80536 15.259 0.005
5863.80855 15.018 0.005
5864.71584 15.023 0.005
5865.78546 15.041 0.005
5866.80958 15.134 0.005
5867.74850 15.370 0.006
5868.85000 15.329 0.005
5869.81551 15.131 0.005
5870.75529 15.013 0.005
5871.74142 15.011 0.005
5872.75075 15.066 0.005
5873.74600 15.204 0.005
5874.77956 15.350 0.006
5875.71547 15.169 0.005
5878.81642 15.018 0.006
5879.70054 15.097 0.006
5880.75201 15.188 0.005
5881.73854 15.383 0.006
5882.76935 15.224 0.005
5883.77329 15.089 0.005
5885.70461 15.032 0.006
5886.74067 15.057 0.005
5887.81306 15.142 0.005
5888.80171 15.334 0.005
5889.84389 15.311 0.005
5890.77744 15.095 0.005
5891.73610 15.003 0.005
5892.75387 15.014 0.005
5893.77199 15.052 0.005
5894.79548 15.155 0.005
5895.81255 15.320 0.006
5896.79561 15.251 0.005
5897.74241 15.084 0.005
5898.72463 15.015 0.005
5899.78378 15.008 0.005
5900.73342 15.073 0.005
5901.78269 15.154 0.005
5902.73398 15.371 0.006
5903.78914 15.238 0.005
5904.76378 15.096 0.005
5905.73781 15.006 0.005
5906.74969 15.016 0.005
5907.72776 15.093 0.005
5908.75310 15.196 0.005
5909.79760 15.344 0.005
5910.71042 15.163 0.005
5911.74228 15.074 0.005
5912.76275 15.026 0.005
5913.73468 15.028 0.005
5914.75732 15.081 0.005
5915.71436 15.233 0.005
5916.77070 15.367 0.005
5917.73188 15.179 0.005
5922.74892 15.197 0.005
5923.72513 15.379 0.005
5924.70647 15.156 0.005
5925.72051 15.080 0.005
5926.73227 15.025 0.005
5927.73130 15.030 0.005
5929.70548 15.243 0.005
5930.85066 15.266 0.005
5931.67250 15.135 0.005
5932.66981 15.054 0.005
5933.71967 15.017 0.005
5934.71573 15.031 0.005
5935.66674 15.111 0.005
5936.66129 15.296 0.005
5937.69057 15.327 0.005
5938.69135 15.149 0.005
5939.73544 15.081 0.005
5940.77105 15.018 0.005
5941.77174 15.022 0.005
5942.79637 15.048 0.005
5943.75322 15.197 0.005
5944.74610 15.372 0.005
5945.72682 15.174 0.005
5946.66666 15.040 0.005
5946.78263 15.098 0.005
5947.73320 15.013 0.005
5948.72205 15.024 0.005
5949.73822 15.070 0.005
5950.65919 15.306 0.005
5951.68457 15.331 0.005
5952.70916 15.152 0.005
5953.70709 15.058 0.005
5954.70464 15.010 0.005
5955.72731 15.015 0.005
5956.72730 15.078 0.005
5958.74454 15.365 0.005
5959.71648 15.169 0.005
5960.71854 15.077 0.005
5961.65028 15.015 0.005
5962.65118 15.045 0.006
5963.61791 15.138 0.005
5964.62987 15.332 0.006
5965.62877 15.257 0.005
5967.65096 15.029 0.006
5968.65105 15.019 0.005
5969.62707 15.077 0.005
5970.60456 15.147 0.005
5971.69744 15.253 0.005
5972.68381 15.323 0.005
5973.66689 15.121 0.005
5974.62191 15.033 0.005
5976.65607 15.037 0.005
5977.68964 15.058 0.005
5978.66605 15.304 0.005
5979.61622 15.225 0.005
5980.64638 15.114 0.005
5981.65535 15.042 0.005
5982.66131 15.000 0.005
5983.70440 15.026 0.005
5984.64340 15.118 0.005
5985.67528 15.286 0.005
5986.60506 15.221 0.005
5987.68086 15.128 0.005
5988.64698 15.027 0.005
5989.61093 15.011 0.005
5990.60445 15.066 0.005
5991.67947 15.098 0.005
5992.63976 15.319 0.006
5993.59659 15.210 0.005
5994.59607 15.082 0.005
5995.64297 15.028 0.005
5996.61308 15.005 0.005
5997.61524 15.059 0.005
5998.61358 15.134 0.005
5998.67699 15.094 0.005
5999.65429 15.301 0.005
6000.62969 15.262 0.005
6002.59335 15.017 0.005
6003.55954 15.009 0.005
6004.61991 15.058 0.005
6005.60294 15.148 0.005
6006.58690 15.341 0.005
6007.58522 15.198 0.005
6008.61971 15.095 0.005
6009.56079 15.003 0.005
6010.61636 14.995 0.005
6011.57515 15.080 0.005
6012.61084 15.146 0.005
6013.55596 15.351 0.005
6014.57488 15.191 0.005
6015.57026 15.070 0.005
6016.61124 15.030 0.005
6017.57461 15.029 0.005
6018.52948 15.116 0.005
6019.57851 15.180 0.005
6020.60003 15.363 0.005
6021.58777 15.203 0.005
6022.59968 15.086 0.005
6023.57332 15.014 0.005
6024.59615 15.014 0.005
6025.59617 15.069 0.005
6026.54243 15.241 0.006
6028.57919 15.208 0.006
6029.59677 15.076 0.006
6032.51706 15.116 0.005
6033.50463 15.296 0.006
6034.51020 15.303 0.005
6035.53563 15.155 0.005
6036.51247 15.030 0.005
6037.51209 14.996 0.006
6038.50382 15.023 0.006
6039.51052 15.126 0.005
6040.51282 15.281 0.005
6042.51044 15.149 0.006
6047.48742 15.325 0.006
6048.48618 15.294 0.006
6049.50945 15.136 0.005
6050.48503 15.029 0.005
6052.50075 15.037 0.005
6053.49776 15.133 0.005
6055.50635 15.294 0.006
6056.49333 15.132 0.005
6057.50351 15.043 0.005
6058.49689 14.997 0.005
6059.49054 15.039 0.005
6060.49381 15.131 0.005
6061.48698 15.326 0.006
6062.47843 15.259 0.006
6064.48024 15.022 0.005
6070.48161 15.113 0.006
6079.46362 15.000 0.005
6123.92752 15.001 0.005
6137.92547 15.012 0.005
6164.91279 15.089 0.005
6165.92590 15.023 0.005
6171.89110 15.072 0.005
6174.91747 15.091 0.006
6179.91711 15.007 0.006
6180.86967 15.028 0.006
6181.88386 15.102 0.005
6182.88841 15.233 0.005
6183.89010 15.359 0.005
6185.86638 15.051 0.005
6186.86788 15.004 0.005
6191.89349 15.176 0.005
6193.90150 15.010 0.005
6196.88318 15.241 0.005
6199.83219 15.023 0.005
6202.83963 15.146 0.006
6204.87478 15.353 0.005
6207.88762 15.015 0.005
6210.88632 15.239 0.006
6212.83915 15.136 0.005
6216.83695 15.135 0.005
6219.82192 15.134 0.005
6221.83524 14.990 0.005
6222.83616 15.035 0.005
6223.79326 15.159 0.005
6224.85882 15.257 0.005
6225.74083 15.173 0.005
6226.75322 15.062 0.005
6229.79578 15.055 0.005
6230.73964 15.222 0.006
6231.76446 15.369 0.005
6232.83047 15.272 0.005
6233.83965 15.137 0.005
6234.84084 15.041 0.005
6235.78822 15.011 0.005
6236.80583 15.071 0.005
6238.83956 15.299 0.005
6239.81362 15.266 0.005
6240.85686 15.155 0.005
6241.81050 15.023 0.005
6242.85343 15.015 0.005
6243.82223 15.057 0.005
6244.76257 15.197 0.005
6245.77910 15.361 0.005
6248.79582 15.021 0.005
6251.78643 15.185 0.005
6254.79636 15.101 0.005
6257.82530 15.052 0.005
6262.74850 15.010 0.005
6265.82134 15.152 0.005
6270.83652 15.014 0.005
6270.84245 15.004 0.005
6274.82819 15.259 0.005
6278.77564 15.075 0.005
6282.79812 15.096 0.005
6286.73137 15.228 0.005
6289.80069 15.108 0.005
6294.82262 15.333 0.005
6299.77918 15.061 0.005
6306.71933 15.106 0.005
6312.71038 15.031 0.005
6317.70562 15.053 0.005
6323.67853 15.147 0.005
6329.63735 15.240 0.006
6333.62844 15.058 0.005
6340.64036 15.072 0.005
6343.58413 15.181 0.005
6347.61045 15.066 0.005
6353.62721 15.009 0.005
6354.59161 15.091 0.005
6355.58068 15.222 0.005
6356.62781 15.351 0.005
6356.66531 15.311 0.005
6357.64315 15.264 0.005
6358.54062 15.074 0.005
6360.59220 15.027 0.005
6361.60251 15.102 0.005
6362.57596 15.215 0.005
6363.54531 15.333 0.005
6363.58006 15.365 0.005
6371.56810 15.176 0.005
6378.55115 15.170 0.005
6387.54338 15.024 0.005
6396.54905 15.117 0.005
6404.53421 15.291 0.005
6416.51022 15.042 0.005
6509.92880 15.036 0.005
6520.90200 15.169 0.005
6531.91317 15.104 0.005
6547.87983 15.319 0.005
6561.84670 15.282 0.005
6571.85347 15.008 0.005
6577.89410 15.038 0.006
6578.87312 14.999 0.005
6583.80024 15.095 0.005
6608.84055 15.149 0.005
6612.77682 15.027 0.005
6616.73868 15.358 0.005
6622.79264 15.178 0.005
6628.82031 15.062 0.005
6638.74610 15.157 0.005
6645.74365 15.152 0.005
6649.75060 15.099 0.005
6654.77073 15.019 0.005
6658.79386 15.390 0.005
6662.77915 15.001 0.005
6667.84245 15.129 0.005
6672.78411 15.398 0.005
6680.77839 15.199 0.005
6690.67106 15.047 0.005
6697.71966 15.049 0.005
6705.68499 15.130 0.005
6712.65223 15.140 0.005
